tree
version=v4
num_class=1
num_tree_per_iteration=1
label_index=0
max_feature_idx=18
objective=quantile
feature_names=dam_asinh local_hour day_of_year zone_code weekday quarter repeated dam_day_min dam_day_max dam_day_mean dam_day_std dam_day_negative_share dam_hours_to_day_peak dam_above_day_min dam_below_day_max dam_prev_hour dam_next_hour dam_ramp_from_prev dam_ramp_to_next
feature_infos=[-0.19398117065429688:5.1358332633972168] [0.125:23.875] [1:366] -1:1:0:5:3:2:7:6:4 -1:6:2:5:4:1:0:3 -1:3:1:2:0 none [-9.7599999999999998:94.909999999999997] [12.82:4250] [-1.9099999999999999:1093.1704166666666] [2.6783649655879409:1619.2755288154824] [0:0.75] [-23:23] [0:4227.1400000000003] [0:4227.1400000000003] [-9.7599999999999998:4250] [-9.7599999999999998:4250] [-3102.77:1508.9300000000001] [-3102.77:1508.1699999999998]
tree_sizes=2193 2231 2242 2251 2248 2218 2262 2244 2269 2257 2267 2233 2268 2276 2273 2236 2270 2258 2266 2254 2268 2279 2270

Tree=0
num_leaves=23
num_cat=3
split_feature=0 0 0 13 3 10 13 13 12 14 0 2 12 8 2 2 3 2 2 4 2 0
split_gain=22930.4 1734.15 723.032 350.305 228.088 119.047 101.101 90.4913 66.0574 64.4289 62.7747 170.951 67.7102 61.4911 64.0056 135.814 58.0224 48.5803 46.1143 77.6941 67.4671 59.7435
threshold=0.83662775158882152 1.3965535759925845 0.73539894819259655 36.355000000000011 0 12.468022185864553 23.565000000000008 28.935000000000006 6.5000000000000009 78.315000000000012 0.12179863452911378 6.5000000000000009 7.5000000000000009 148.93000000000004 213.50000000000003 171.50000000000003 1 231.50000000000003 67.500000000000014 2 313.50000000000006 0.99109077453613292
decision_type=2 2 2 2 1 2 2 2 2 2 2 2 2 2 2 2 1 2 2 1 2 2
left_child=2 3 6 18 -5 -6 10 -4 9 -7 11 12 -1 -3 15 -15 -8 -11 19 -2 -20 -21
right_child=1 13 7 4 5 8 16 -9 -10 17 -12 -13 -14 14 -16 -17 -18 -19 20 21 -22 -23
leaf_value=-19.927359349273257 -19.886229338123275 -22.598649454116821 -19.770354339916846 -20.77704930305481 -20.349144368177313 -21.016944365094442 -19.941534316453037 -19.910304370440453 -20.687904380237487 -21.337704266250739 -19.279449357986451 -19.258074329665419 -20.349279296254053 -32.808654483686382 -57.580704771827904 -34.941474597153402 -19.619784325800357 -21.169674312191205 -20.118699340820314 -20.007504369260413 -19.952244329157566 -21.237759329592496
leaf_weight=452 2524 5500 15172 10724 4260 19100 5108 10612 1228 4712 475708 16636 464 7744 12400 4636 16768 2396 8624 2132 2044 784
leaf_count=452 2524 5500 15172 10724 4260 19100 5108 10612 1228 4712 475708 16636 464 7744 12400 4636 16768 2396 8624 2132 2044 784
internal_value=-19.72 -19.7412 -19.7165 -19.7367 -19.7388 -19.7407 -19.7162 -19.7239 -19.7418 -19.7423 -19.716 -19.7187 -19.7376 -19.7499 -19.7509 -19.7532 -19.7191 -19.746 -19.731 -19.7276 -19.7327 -19.7326
internal_weight=629728 88808 540920 58528 42420 31696 515136 25784 27436 26208 493260 17552 916 30280 24780 12380 21876 7108 16108 5440 10668 2916
internal_count=629728 88808 540920 58528 42420 31696 515136 25784 27436 26208 493260 17552 916 30280 24780 12380 21876 7108 16108 5440 10668 2916
cat_boundaries=0 1 2 3
cat_threshold=128 128 113
is_linear=0
shrinkage=1


Tree=1
num_leaves=23
num_cat=4
split_feature=0 0 0 13 3 0 13 13 9 2 2 13 0 2 12 3 7 2 2 10 4 3
split_gain=20632 1375.04 675.636 367.575 206.015 122.197 105.455 97.7432 86.545 82.7859 130.414 80.5611 63.0873 166.044 70.5012 57.6336 51.7008 62.3508 63.7912 54.1795 49.11 45.957
threshold=0.83662775158882152 1.4512567520141604 0.73539894819259655 42.775000000000013 0 1.663412928581238 33.155000000000008 22.155000000000005 31.522500000000004 213.50000000000003 171.50000000000003 29.475000000000005 0.12179863452911378 6.5000000000000009 7.5000000000000009 1 19.895000000000003 70.500000000000014 205.50000000000003 41.409125625239426 2 3
decision_type=2 2 2 2 1 2 2 2 2 2 2 2 2 2 2 1 2 2 2 2 1 1
left_child=2 3 7 6 -5 -3 -2 12 -6 10 -7 -4 13 14 -1 -9 17 19 -19 -10 -18 -14
right_child=1 5 11 4 8 9 -8 15 16 -11 -12 -13 21 -15 -16 -17 20 18 -20 -21 -22 -23
leaf_value=-0.19802883430242071 -0.31892564303115506 -2.4316876263311022 -0.050834037537604231 -1.181832822561264 -1.0450374817976558 -15.255465487833249 -0.50773746923847474 -0.1612504060733215 -0.90393080478119858 -41.319507748499397 -16.663883456051632 -0.18628626899790421 0.21251023298617452 0.44113835942306345 -0.60096238366908195 0.11159032212683635 0.40291423980853469 -1.7308340616854989 -1.4735690083152191 -1.9481956418850486 -1.4094925158241149 0.45357522969245911
leaf_weight=452 10704 7044 16064 8788 8556 6264 16180 6300 732 10740 3876 9720 41264 16636 464 22696 192 7012 5340 148 3232 427324
leaf_count=452 10704 7044 16064 8788 8556 6264 16180 6300 732 10740 3876 9720 41264 16636 464 22696 192 7012 5340 148 3232 427324
internal_value=0.000149193 -0.0199529 0.00344961 -0.0161598 -0.0192695 -0.0282214 -0.012226 0.00380542 -0.0213454 -0.029954 -0.0328826 -0.00365885 0.00395681 0.00130791 -0.0173235 0.00126723 -0.0232467 -0.0245259 -0.0253514 -0.0129082 -0.0182916 0.00405602
internal_weight=629728 88808 540920 60884 34000 27924 26884 515136 25212 20880 10140 25784 486140 17552 916 28996 16656 13232 12352 880 3424 468588
internal_count=629728 88808 540920 60884 34000 27924 26884 515136 25212 20880 10140 25784 486140 17552 916 28996 16656 13232 12352 880 3424 468588
cat_boundaries=0 1 2 3 4
cat_threshold=128 128 64 128
is_linear=0
shrinkage=0.045


Tree=2
num_leaves=23
num_cat=3
split_feature=0 0 0 0 13 2 3 2 2 2 13 4 7 13 12 2 7 0 2 12 3 13
split_gain=18589.6 1248.16 510.53 329.664 205.384 148.099 139.303 134.688 107.705 165.864 97.7344 77.1113 93.7839 70.3 67.515 63.2948 76.077 62.9187 155.725 73.9782 61.4317 60.0393
threshold=0.82446840405464183 1.1207150816917422 0.73539894819259655 1.7624713778495791 33.155000000000008 213.50000000000003 0 171.50000000000003 89.500000000000014 217.50000000000003 20.025000000000006 1 20.485000000000003 178.25000000000003 2.5000000000000004 223.50000000000003 16.975000000000005 0.12179863452911378 6.5000000000000009 7.5000000000000009 2 29.475000000000005
decision_type=2 2 2 2 2 2 1 2 2 2 2 1 2 2 2 2 2 2 2 2 1 2
left_child=2 4 10 6 -2 7 -3 -5 -6 -10 17 12 -8 -7 -13 16 -15 18 19 -1 -12 -4
right_child=1 3 21 5 8 13 11 -9 9 -11 20 14 -14 15 -16 -17 -18 -19 -20 -21 -22 -23
leaf_value=-0.18911753675881179 -0.25840688945959411 -1.632110311735038 -0.038648091509970485 -17.444739616591548 -0.53208254669032962 -1.7206116932911255 -1.7542209990987401 -16.995853878125114 -0.71241584390742008 -0.52503245339913107 -0.10951580922588693 -1.9796592074330992 -1.167584305836151 -61.393536462017188 -1.6168809486417393 -65.284009483645747 -14.175125502863525 0.42461432032370572 0.42128713324902556 -0.57391907640397333 0.12481069898543236 -0.16530344182463916
leaf_weight=452 11860 7200 15084 5200 8124 1876 4648 3520 11216 11056 8360 13056 1568 532 3888 6284 1208 454716 16636 464 34508 8272
leaf_count=452 11860 7200 15084 5200 8124 1876 4648 3520 11216 11056 8360 13056 1568 532 3888 6284 1208 454716 16636 464 34508 8272
internal_value=0.000287538 -0.0184958 0.00347003 -0.0233847 -0.0128281 -0.0281014 -0.0204903 -0.0323853 -0.0147879 -0.0164064 0.00376506 -0.0222029 -0.017763 -0.0243224 -0.0238179 -0.026159 -0.0185218 0.00395181 0.00130791 -0.0167353 0.00170763 -0.00303699
internal_weight=629728 91236 538492 48980 42256 18620 30360 8720 30396 22272 515136 23160 6216 9900 16944 8024 1740 472268 17552 916 42868 23356
internal_count=629728 91236 538492 48980 42256 18620 30360 8720 30396 22272 515136 23160 6216 9900 16944 8024 1740 472268 17552 916 42868 23356
cat_boundaries=0 1 2 3
cat_threshold=128 65 128
is_linear=0
shrinkage=0.045


Tree=3
num_leaves=23
num_cat=2
split_feature=0 0 0 15 2 2 2 2 3 9 13 0 2 2 8 4 2 13 0 2 12 8
split_gain=16812.2 928.673 590.363 233.253 196.566 186.155 161.032 156.376 119.984 103.61 96.4746 71.5854 68.3734 129.274 108.84 75.7935 70.7548 63.2682 62.2062 149.95 75.1734 60.9421
threshold=0.83662775158882152 1.1207150816917422 0.73539894819259655 130.28500000000003 213.50000000000003 72.500000000000014 203.50000000000003 171.50000000000003 0 182.26562500000003 20.025000000000006 0.9105547070503236 211.50000000000003 167.50000000000003 106.74500000000002 1 159.50000000000003 28.935000000000006 0.12179863452911378 6.5000000000000009 7.5000000000000009 142.59000000000003
decision_type=2 2 2 10 2 2 2 2 1 2 2 2 2 2 2 1 2 2 2 2 2 2
left_child=2 5 10 8 7 -2 -7 -5 -3 -6 18 -8 13 15 -15 -10 -17 -4 19 20 -1 -14
right_child=1 3 17 4 9 6 11 -9 12 -11 -12 -13 21 14 -16 16 -18 -19 -20 -21 -22 -23
leaf_value=-0.18060724760466532 -0.3755108637549821 -1.6604272180733262 -0.041857400095331537 -14.507781848463072 -6.5670202039587542 -0.65476136842766797 -0.19895623447153407 -15.985745062936351 -1.5993358814841931 -95.790408813357189 0.087347844019202647 -0.54007127805839183 -1.7781750173136315 -1.3357152939012011 -2.673260483285171 -2.1769396388519531 -1.0714847516892274 -0.16506478007607525 0.40550667590913902 0.40232921225281948 -0.5480927179657944 -1.432266128657077
leaf_weight=452 9920 7052 15172 5392 5912 14196 5396 3376 2932 3396 42868 10316 3700 1416 2720 6776 864 10612 454716 16636 464 5444
leaf_count=452 9920 7052 15172 5392 5912 14196 5396 3376 2932 3396 42868 10316 3700 1416 2720 6776 864 10612 454716 16636 464 5444
internal_value=0.000395798 -0.0177503 0.00337507 -0.0219001 -0.0259635 -0.0126461 -0.0144181 -0.0308032 -0.0195218 -0.0213989 0.00370767 -0.0112766 -0.021059 -0.0229717 -0.0297252 -0.0203245 -0.0227117 -0.00326968 0.00389321 0.00126433 -0.0164412 -0.018001
internal_weight=629728 88808 540920 48980 18076 39828 29908 8768 30904 9308 515136 15712 23852 14708 4136 10572 7640 25784 472268 17552 916 9144
internal_count=629728 88808 540920 48980 18076 39828 29908 8768 30904 9308 515136 15712 23852 14708 4136 10572 7640 25784 472268 17552 916 9144
cat_boundaries=0 1 2
cat_threshold=128 65
is_linear=0
shrinkage=0.045


Tree=4
num_leaves=23
num_cat=2
split_feature=0 13 0 13 2 2 13 2 8 13 4 2 7 2 2 3 0 2 1 8 2 2
split_gain=15166.1 856.165 461.945 283.032 173.898 339 161.029 121.474 120.291 85.6344 81.5433 109.471 127.895 86.7142 90.1189 80.4544 98.6331 138.195 80.2072 80.001 78.5391 125.578
threshold=0.82446840405464183 50.125000000000007 0.69114595651626598 211.14500000000004 213.50000000000003 167.50000000000003 33.155000000000008 215.50000000000003 106.74500000000002 25.585000000000004 0 159.50000000000003 12.125000000000002 123.50000000000001 137.50000000000003 1 0.094758123159408583 14.500000000000002 11.000000000000002 1980.6000000000001 89.500000000000014 217.50000000000003
decision_type=2 2 2 2 2 2 2 2 2 2 1 2 2 2 2 1 2 2 2 2 2 2
left_child=2 6 15 4 5 10 -2 19 -7 -4 13 12 -12 -3 -15 -1 17 18 -17 -5 -8 -22
right_child=1 3 9 7 -6 8 20 -9 -10 -11 11 -13 -14 14 -16 16 -18 -19 -20 -21 21 -23
leaf_value=0.16991484027236631 -0.25876266833110007 -1.1634552978688935 0.028517221937386397 -26.003940863247973 -1.2740435329673505 -1.2295189986620874 -0.49935125374641709 -58.547041838657172 -2.680662793035459 -0.10612378619199377 -1.5272443495348456 -0.98776274391403374 -2.2436602514041635 -2.436219577386574 -1.044606619103005 -0.74266563918192996 0.38950888407629669 0.2856743882326806 -0.3991806190378121 -56.258656450931866 -0.59827698937336871 -0.45708827785123335
leaf_weight=50696 12492 5076 18540 3780 14828 1900 7852 6676 5012 19112 3472 1100 6760 856 1048 544 442556 6356 688 600 9740 10044
leaf_count=50696 12492 5076 18540 3780 14828 1900 7852 6676 5012 19112 3472 1100 6760 856 1048 544 442556 6356 688 600 9740 10044
internal_value=0.000496127 -0.0164697 0.00337067 -0.0203325 -0.018571 -0.0208456 -0.0115491 -0.0267094 -0.0293392 -0.00143626 -0.0176368 -0.0200199 -0.0214878 -0.013715 -0.0219239 0.00373205 0.00392348 -0.00116324 -0.0149441 -0.0325434 -0.0134658 -0.0149779
internal_weight=629728 91236 538492 51108 40052 25224 40128 11056 6912 37652 18312 11332 10232 6980 1904 500840 450144 7588 1232 4380 27636 19784
internal_count=629728 91236 538492 51108 40052 25224 40128 11056 6912 37652 18312 11332 10232 6980 1904 500840 450144 7588 1232 4380 27636 19784
cat_boundaries=0 1 2
cat_threshold=97 128
is_linear=0
shrinkage=0.045


Tree=5
num_leaves=23
num_cat=4
split_feature=0 0 0 2 2 0 8 0 13 4 0 3 2 2 2 9 4 3 0 2 1 2
split_gain=13588.1 783.353 372.755 241.305 506.521 227.666 182.152 147.836 147.726 114.295 109.566 99.8447 84.6188 113.701 84.0952 91.9918 79.1233 73.8384 94.759 128.931 80.8676 72.0378
threshold=0.81413501501083385 1.0499022603034975 0.67181223630905162 213.50000000000003 167.50000000000003 3.0229123830795293 106.74500000000002 2.0356715917587285 33.155000000000008 0 1.663412928581238 1 36.500000000000007 52.500000000000007 159.50000000000003 33.132500000000007 2 3 0.094758123159408583 14.500000000000002 11.000000000000002 205.50000000000003
decision_type=2 2 2 2 2 2 2 2 2 1 2 1 2 2 2 2 1 1 2 2 2 2
left_child=2 8 17 4 7 10 16 9 -2 -3 -5 -11 -13 -14 15 -15 -6 -1 19 20 -19 -8
right_child=1 3 -4 5 6 -7 21 -9 -10 11 -12 12 13 14 -16 -17 -18 18 -20 -21 -22 -23
leaf_value=0.17401065656534681 -0.20530631871351268 -1.1254880382955885 -0.023711256828509199 -1.1838895590861664 -1.1174661624178719 -88.651004018515891 -8.7119597062751293 -23.42610798968601 -0.4464330800951205 -1.4145561639608875 -1.972236554258588 -1.6275230685452118 -0.22767853867529309 -1.3990128655978613 -0.89529522196558731 -2.0982106242956728 -1.0862099559349396 -0.70924568541874311 0.38088929125490523 0.27281904076220992 -0.38121749118111065 -4.0613898116976523
leaf_weight=49424 13308 5704 42232 12368 512 3412 6436 2752 24556 5780 7328 2156 820 1728 920 2756 1876 544 436808 6356 688 1264
leaf_count=49424 13308 5704 42232 12368 512 3412 6436 2752 24556 5780 7328 2156 820 1728 920 2756 1876 544 436808 6356 688 1264
internal_value=0.000605245 -0.0152072 0.00336855 -0.0185968 -0.021085 -0.0150737 -0.0294717 -0.0173419 -0.0102103 -0.0159844 -0.0132122 -0.0181594 -0.0213364 -0.0186881 -0.0210566 -0.0235994 -0.0185874 0.00371557 0.00389911 -0.00108617 -0.0143971 -0.0328415
internal_weight=629728 93676 536052 55812 32704 23108 10088 22616 37864 19864 19696 14160 8380 6224 5404 4484 2388 493820 444396 7588 1232 7700
internal_count=629728 93676 536052 55812 32704 23108 10088 22616 37864 19864 19696 14160 8380 6224 5404 4484 2388 493820 444396 7588 1232 7700
cat_boundaries=0 1 2 3 4
cat_threshold=65 192 80 128
is_linear=0
shrinkage=0.045


Tree=6
num_leaves=23
num_cat=2
split_feature=0 13 0 2 2 0 2 2 13 0 13 4 8 0 0 8 2 3 9 2 0 2
split_gain=12368.8 579.07 505.722 267.046 376.973 202.212 182.135 127.012 116.151 115.036 113.201 110.358 106.311 96.7195 93.2277 80.8555 77.4244 77.1068 75.9596 74.9643 65.9979 62.7192
threshold=0.84897619485855114 25.585000000000004 1.1773873567581179 213.50000000000003 167.50000000000003 3.0229123830795293 72.500000000000014 203.50000000000003 80.15000000000002 1.3965535759925845 332.53500000000003 0 128.00500000000002 0.78602391481399547 0.65977928042411815 2449.3750000000005 163.50000000000003 1 31.522500000000004 85.500000000000014 0.94042235612869274 117.50000000000001
decision_type=2 2 2 2 2 2 2 2 2 2 2 1 2 2 2 2 2 1 2 2 2 2
left_child=1 14 6 4 10 9 -2 -8 -6 -5 11 21 -11 -3 19 -10 17 -13 -19 -1 -9 -4
right_child=2 13 3 5 8 -7 7 20 15 12 -12 16 -14 -15 -16 -17 -18 18 -20 -21 -22 -23
leaf_value=0.25494095417009621 -0.32960084623404889 -0.034365054614273458 -1.1847240909506396 -1.2270613105460013 -1.0943256787755669 -84.661708837682681 -0.59306634841160921 -0.20417971872109975 -9.7202761366908295 -2.147800350889745 -52.086223767455806 -1.7700338849572474 -1.4582439036959232 -0.16240238634954068 0.041892405309173916 -11.298228194234778 -0.93046994887602641 -1.2207175130691441 -2.3252183330530674 0.3970301821697475 -0.56323910387833687 -2.0311983220338123
leaf_weight=152448 10300 21856 3332 4556 2160 3412 15124 6452 5732 1188 940 4196 9632 10784 28740 288 856 1116 5364 329528 10320 1404
leaf_count=152448 10300 21856 3332 4556 2160 3412 15124 6452 5732 1188 940 4196 9632 10784 28740 288 856 1116 5364 329528 10320 1404
internal_value=0.000681206 0.00319568 -0.0151367 -0.0185024 -0.0215132 -0.0144321 -0.0116125 -0.0132926 -0.0294683 -0.01223 -0.0177286 -0.0168472 -0.00970107 -0.00261519 0.00356706 -0.0326852 -0.0192326 -0.0202934 -0.023415 0.00371553 -0.0105935 -0.0109695
internal_weight=629728 543356 86372 44176 25388 18788 42196 31896 8180 15376 17208 16268 10820 32640 510716 6020 11532 10676 6480 481976 16772 4736
internal_count=629728 543356 86372 44176 25388 18788 42196 31896 8180 15376 17208 16268 10820 32640 510716 6020 11532 10676 6480 481976 16772 4736
cat_boundaries=0 1 2
cat_threshold=65 192
is_linear=0
shrinkage=0.045


Tree=7
num_leaves=23
num_cat=3
split_feature=0 13 0 2 2 2 0 8 15 3 4 0 2 15 13 8 1 8 9 4 13 0
split_gain=11314 524.202 469.636 214.316 300.91 144.281 224.065 137.182 108.648 99.3857 94.2951 91.5818 126.269 90.211 88.1905 83.9868 79.7222 78.9069 75.3976 74.8357 72.1844 70.0731
threshold=0.83662775158882152 43.985000000000007 0.70565986633300792 231.50000000000003 107.50000000000001 205.50000000000003 2.0356715917587285 1980.6000000000001 357.34000000000009 0 1 0.094758123159408583 14.500000000000002 1049.3950000000002 15.685000000000004 822.20500000000004 11.000000000000002 121.92000000000002 36.200416666666676 2 33.155000000000008 0.78602391481399547
decision_type=2 2 2 2 2 2 2 2 10 1 1 2 2 10 2 2 2 2 2 1 2 2
left_child=2 20 9 4 8 6 17 -8 10 14 -3 12 16 18 -1 -7 -11 -6 -5 -17 -2 -4
right_child=1 3 21 13 5 15 7 -9 -10 11 -12 -13 -14 -15 -16 19 -18 -19 -20 -21 -22 -23
leaf_value=0.2275138291219502 -0.22825867096969568 -0.90337864734452411 -0.013705001063111349 -1.0614113896175759 -1.0576916980292312 -1.1162151618769489 -18.240838679375084 -23.038171230875314 -53.289736378505964 -0.68880197251255404 -1.3822776728505795 0.33652459768907134 0.24861985214865201 -112.70770585343946 -0.095650243104189653 -36.63771984338176 -0.37553504701561491 -1.5759190876123497 -1.173000119632883 -41.27654983155216 -0.3720694475774769 -0.13341325432572526
leaf_weight=39464 10848 7620 23536 5584 7252 5404 3676 420 420 544 6728 446496 6356 1084 12180 600 688 6952 11656 2264 18300 11656
leaf_count=39464 10848 7620 23536 5584 7252 5404 3676 420 420 544 6728 446496 6356 1084 12180 600 688 6952 11656 2264 18300 11656
internal_value=0.000743948 -0.0141421 0.00318797 -0.0165588 -0.0183551 -0.0212183 -0.0234491 -0.0327277 -0.013202 0.00353775 -0.0125379 0.0037505 -0.00115138 -0.012505 0.00166598 -0.0162762 -0.0143241 -0.0207692 -0.0117106 -0.0225094 -0.00919482 -0.00183841
internal_weight=629728 88808 540920 59660 41336 26568 18300 4096 14768 505728 14348 454084 7588 18324 51644 8268 1232 14204 17240 2864 29148 35192
internal_count=629728 88808 540920 59660 41336 26568 18300 4096 14768 505728 14348 454084 7588 18324 51644 8268 1232 14204 17240 2864 29148 35192
cat_boundaries=0 1 2 3
cat_threshold=128 105 8
is_linear=0
shrinkage=0.045


Tree=8
num_leaves=23
num_cat=1
split_feature=0 13 0 2 2 0 0 8 13 4 9 2 10 2 8 2 0 13 15 2 1 1
split_gain=10061.1 454.524 446.507 212.49 403.472 230.326 189.869 109.619 108.07 113.249 105.032 89.3454 100.209 84.1836 111.615 72.3773 64.44 64.3302 60.0522 106.337 90.5896 52.6129
threshold=0.83662775158882152 25.135000000000005 0.97309172153472911 215.50000000000003 107.50000000000001 1.8633286952972414 3.7263551950454716 1980.6000000000001 518.1450000000001 0 45.295208333333342 85.500000000000014 34.333653260149774 34.500000000000007 113.81500000000001 61.500000000000007 0.75815320014953624 16.545000000000005 5.9850000000000012 6.5000000000000009 11.750000000000002 15.750000000000002
decision_type=2 2 2 2 2 2 2 2 2 1 2 2 2 2 2 2 2 2 8 2 2 2
left_child=1 11 -2 4 8 21 10 -7 9 -4 -5 12 18 14 -11 -15 -3 -13 19 20 -1 -6
right_child=2 16 3 6 5 7 -8 -9 -10 13 -12 17 -14 15 -16 -17 -18 -19 -20 -21 -22 -23
leaf_value=-0.63072495870946843 -0.25594821281760066 -0.015776899660292533 -0.78646466530367865 -0.97839496534451253 -0.78435523312680355 -12.671554886538893 -98.556021177596634 -18.658854336250936 -56.124450354120775 -0.64588253603454782 -1.1632120675583655 0.40103101139242842 -0.20430979535107155 -0.28404239915784701 -1.7501771220924056 -1.0373577189851297 -0.12465235351649895 0.0936294059278555 0.23552504038532288 0.13607503866870913 -0.01313525308645639 -1.1835538079977903
leaf_weight=451 23556 19256 7628 9924 4087 5044 1880 464 304 1396 14116 305484 3940 1504 2832 3752 13352 41908 147048 9084 397 12321
leaf_count=451 23556 19256 7628 9924 4087 5044 1880 464 304 1396 14116 305484 3940 1504 2832 3752 13352 41908 147048 9084 397 12321
internal_value=0.000830413 0.00313515 -0.0132072 -0.0151245 -0.0172097 -0.0212731 -0.0119591 -0.0292394 -0.0120946 -0.0116189 -0.0108803 0.00346553 0.00258889 -0.0149065 -0.0196511 -0.0111122 -0.002015 0.0038716 0.00276681 -0.00061969 -0.01584 -0.0185956
internal_weight=629728 540920 88808 65252 39332 21916 25920 5508 17416 17112 24040 508312 160920 9484 4228 5256 32608 347392 156980 9932 848 16408
internal_count=629728 540920 88808 65252 39332 21916 25920 5508 17416 17112 24040 508312 160920 9484 4228 5256 32608 347392 156980 9932 848 16408
cat_boundaries=0 1
cat_threshold=73
is_linear=0
shrinkage=0.045


Tree=9
num_leaves=23
num_cat=3
split_feature=0 0 13 13 2 2 0 2 10 13 2 4 8 2 13 0 3 10 9 3 15 2
split_gain=9231.81 646.747 243.841 240.791 212.094 338.003 139.096 122.725 94.1023 93.659 93.3321 92.9255 122.153 87.8108 83.0185 79.3139 76.2162 74.0837 69.42 71.3712 60.7711 103.822
threshold=0.79550263285636913 0.97309172153472911 332.53500000000003 18.425000000000008 213.50000000000003 89.500000000000014 1.663412928581238 215.50000000000003 601.64789791566147 178.25000000000003 169.50000000000003 0 146.14000000000001 85.500000000000014 29.475000000000005 3.7263551950454716 1 34.333653260149774 80.738333333333344 2 5.9850000000000012 14.500000000000002
decision_type=2 2 2 2 2 2 2 2 2 2 2 1 2 2 2 2 1 2 2 1 8 2
left_child=3 14 4 13 5 11 18 8 -4 -7 -11 12 -3 17 -2 -9 -5 20 19 -6 21 -1
right_child=1 2 7 16 6 9 -8 15 -10 10 -12 -13 -14 -15 -16 -17 -18 -19 -20 -21 -22 -23
leaf_value=-0.54594835197877312 -0.10809448578465833 -0.78497686125831334 -39.598528453886459 -0.12271178540655689 -0.59380765153783999 -1.1084606211798103 -0.64431155114852046 -9.2175409043662402 -22.50502026253687 -2.3710641818058686 -5.0081181566538255 -0.69730053015378768 -1.7015505878553101 0.36711844023358847 -0.24352850743330823 -94.121000224604771 0.058465879821486849 -0.18083367579497411 -0.34309373210147553 -0.92893320767820464 0.24652639296861814 0.21277114967628905
leaf_weight=1780 9284 2704 1844 13000 3576 18400 6008 2784 240 1040 1652 10060 2652 317252 23696 1880 57280 3376 2032 10380 130744 8064
leaf_count=1780 9284 2704 1844 13000 3576 18400 6008 2784 240 1040 1652 10060 2652 317252 23696 1880 57280 3376 2032 10380 130744 8064
internal_value=0.000882864 -0.0117907 -0.0143866 0.00322525 -0.0134514 -0.0155549 -0.009959 -0.022488 -0.0315733 -0.0192569 -0.0271069 -0.0104879 -0.0152856 0.00359914 -0.00665408 -0.0184166 0.000771535 0.00267732 -0.0121525 -0.013284 0.00283552 -0.00057404
internal_weight=629728 98232 65252 531496 58504 36508 21996 6748 2084 21092 2692 15416 5356 461216 32980 4664 70280 143964 15988 13956 140588 9844
internal_count=629728 98232 65252 531496 58504 36508 21996 6748 2084 21092 2692 15416 5356 461216 32980 4664 70280 143964 15988 13956 140588 9844
cat_boundaries=0 1 2 3
cat_threshold=6 128 128
is_linear=0
shrinkage=0.045


Tree=10
num_leaves=23
num_cat=2
split_feature=0 0 13 2 2 0 1 10 2 2 2 13 0 2 10 10 2 2 4 3 0 2
split_gain=8517.18 537.214 349.346 232.394 302.389 187.216 114.955 114.527 102.133 111.005 99.8617 98.7245 95.7006 78.042 73.2448 69.7209 64.1734 123.126 71.3244 63.4327 81.7618 95.1452
threshold=0.86136361956596386 0.67181223630905162 53.925000000000011 205.50000000000003 171.50000000000003 3.7263551950454716 19.750000000000004 30.008815016637776 70.500000000000014 159.50000000000003 85.500000000000014 26.465000000000007 2.6121541261672978 89.500000000000014 72.254835742581648 601.64789791566147 107.50000000000001 159.50000000000003 0 1 0.094758123159408583 14.500000000000002
decision_type=2 2 2 2 2 2 2 2 2 2 2 2 2 2 2 2 2 2 1 1 2 2
left_child=1 10 8 4 12 7 14 -5 -2 13 19 -3 16 -10 -6 -14 18 -18 -4 -1 21 -21
right_child=2 11 3 5 6 -7 -8 -9 9 -11 -12 -13 15 -15 -16 -17 17 -19 -20 20 -22 -23
leaf_value=-0.018308681041559721 -0.30022079876172808 0.016252216797485834 -0.9659230411206764 -1.1801423579534187 -1.105191623255749 -89.813556120468803 -1.0442558287472976 -1.337057089109831 -0.42472061166004821 -0.30749764051029121 0.32641427061973366 -0.10440931763287663 -36.403702160107905 -0.5306164845496435 -21.16061832369417 -21.492294350722712 -1.725537313872991 -0.96773548979807045 -1.4021981597687425 -0.46373627261492723 0.23723270356841653 0.11661386861708387
leaf_weight=14808 10020 27588 5404 4864 2858 1884 1353 14592 2436 19988 335464 24396 1192 4840 2161 240 5364 1932 4796 1232 138252 4064
leaf_count=14808 10020 27588 5404 4864 2858 1884 1353 14592 2436 19988 335464 24396 1192 4840 2161 240 5364 1932 4796 1232 138252 4064
internal_value=0.000930885 0.00298304 -0.0124152 -0.0150113 -0.0179292 -0.0115505 -0.0264098 -0.0102368 -0.00916703 -0.010595 0.0034411 -0.0013682 -0.0150718 -0.0153549 -0.0295498 -0.0262594 -0.0141532 -0.0173785 -0.0118433 0.00250964 0.0027988 -0.00268743
internal_weight=629728 545804 83924 46640 25300 21340 6372 19456 37284 27264 493820 51984 18928 7276 5019 1432 17496 7296 10200 158356 143548 5296
internal_count=629728 545804 83924 46640 25300 21340 6372 19456 37284 27264 493820 51984 18928 7276 5019 1432 17496 7296 10200 158356 143548 5296
cat_boundaries=0 1 2
cat_threshold=105 128
is_linear=0
shrinkage=0.045


Tree=11
num_leaves=23
num_cat=4
split_feature=0 0 13 13 2 2 8 1 1 2 2 10 3 4 8 0 13 2 4 10 3 1
split_gain=7689.8 548.261 238.257 236.9 151.237 264.234 121.984 111.807 110.395 106.345 91.2271 89.1027 84.0596 78.8781 100.599 76.0688 70.4904 64.2661 59.8423 58.9042 56.9058 60.7866
threshold=0.79550263285636913 0.99109077453613292 332.53500000000003 17.255000000000006 205.50000000000003 89.500000000000014 240.80500000000004 15.000000000000002 19.500000000000004 215.50000000000003 85.500000000000014 601.64789791566147 0 1 146.14000000000001 3.7263551950454716 29.475000000000005 193.50000000000003 2 34.333653260149774 3 9.0000000000000018
decision_type=2 2 2 2 2 2 2 2 2 2 2 2 1 1 2 2 2 2 1 2 1 2
left_child=3 16 4 10 5 13 20 -7 17 11 19 -4 -5 14 -3 -11 -2 -9 -17 -1 -6 -22
right_child=1 2 9 12 6 7 -8 8 -10 15 -12 -13 -14 -15 -16 18 -18 -19 -20 -21 21 -23
leaf_value=0.22046731736194763 -0.098930195877415278 -0.73055978074358752 -36.322205547490874 -0.11603571976705987 -0.56021688888884502 -0.5849702161096767 -0.50950535690250409 -1.3350208164216637 -1.2647692947858815 -8.7425839946598156 0.34637564904121088 -20.52514110494019 0.061643448109749373 -0.64756607890192153 -1.5716522705220601 -72.243688363727244 -0.22879607592823673 -3.5287079002533117 -94.11432021701421 -0.15087314793930776 -1.5124735964274014 -0.84027054682764957
leaf_weight=136688 9444 2556 1844 14532 3572 2668 8516 8164 6184 2784 309976 240 67092 9588 2616 1200 25828 1704 680 3208 676 9968
leaf_count=136688 9444 2556 1844 14532 3572 2668 8516 8164 6184 2784 309976 240 67092 9588 2616 1200 25828 1704 680 3208 676 9968
internal_value=0.000985908 -0.0105809 -0.0130972 0.00312373 -0.0121372 -0.014061 -0.00930285 -0.0176111 -0.0190293 -0.021088 0.00352841 -0.0295455 0.000893318 -0.00955663 -0.0140434 -0.0172979 -0.00608879 -0.0219857 -0.0242933 0.00257446 -0.0118542 -0.0135076
internal_weight=629728 98232 62960 531496 56212 33480 22732 18720 16052 6748 449872 2084 81624 14760 5172 4664 35272 9868 1880 139896 14216 10644
internal_count=629728 98232 62960 531496 56212 33480 22732 18720 16052 6748 449872 2084 81624 14760 5172 4664 35272 9868 1880 139896 14216 10644
cat_boundaries=0 1 2 3 4
cat_threshold=128 6 28 128
is_linear=0
shrinkage=0.045


Tree=12
num_leaves=23
num_cat=2
split_feature=0 13 0 13 2 2 0 10 13 2 0 2 4 1 2 9 2 1 3 0 2 1
split_gain=6974.37 505.22 237.568 168.641 210.622 157.711 130.114 124.064 117.407 103.122 73.5218 71.4222 66.8274 66.7915 67.1226 102.142 63.5039 58.0724 57.588 77.875 90.2418 77.0781
threshold=0.79550263285636913 51.975000000000016 0.63380524516105663 518.1450000000001 213.50000000000003 107.50000000000001 2.1911162137985234 30.008815016637776 35.495000000000012 85.500000000000014 1.3965535759925845 241.50000000000003 0 16.000000000000004 159.50000000000003 31.980000000000004 167.50000000000003 19.750000000000004 1 0.094758123159408583 14.500000000000002 11.000000000000002
decision_type=2 2 2 2 2 2 2 2 2 2 2 2 1 2 2 2 2 2 1 2 2 2
left_child=2 8 9 4 5 12 13 -6 -2 18 -9 -5 -3 -7 15 -15 -16 -18 -1 20 21 -20
right_child=1 3 -4 11 7 6 -8 10 -10 -11 -12 -13 -14 14 16 -17 17 -19 19 -21 -22 -23
leaf_value=-0.018466922422544631 -0.14151500648251669 -0.84294369982347039 0.010359823141764868 -59.538566576364481 -1.0584962095066868 -0.66769244002236705 -4.6538341837921058 -0.82951406948790418 -0.32401272136485387 0.31687412962410882 -0.84768012124852044 -18.271480024872194 -1.2913546476375286 -0.75004492481617502 -0.56127356829383324 -1.6871208907225663 -0.966923396173896 -0.59225786061856123 -0.62886440613314631 0.22743619232686751 0.10144521524802748 -0.32924456781457545
leaf_weight=14084 22596 5832 54560 3876 4964 3072 2564 3016 26684 324092 9580 636 5252 1036 1112 3384 2988 1640 544 133464 4064 688
leaf_count=14084 22596 5832 54560 3876 4964 3072 2564 3016 26684 324092 9580 636 5252 1036 1112 3384 2988 1640 544 133464 4064 688
internal_value=0.00103343 -0.00998214 0.00306938 -0.0132202 -0.0123775 -0.0148817 -0.0177698 -0.00854288 -0.00676525 0.00339116 -0.00616669 -0.0215111 -0.0107633 -0.0159673 -0.0177263 -0.0218996 -0.0145063 -0.0168259 0.00242756 0.00270573 -0.00264496 -0.0133031
internal_weight=629728 98232 531496 48952 44440 26880 15796 17560 49280 476936 12596 4512 11084 13232 10160 4420 5740 4628 152844 138760 5296 1232
internal_count=629728 98232 531496 48952 44440 26880 15796 17560 49280 476936 12596 4512 11084 13232 10160 4420 5740 4628 152844 138760 5296 1232
cat_boundaries=0 1 2
cat_threshold=105 128
is_linear=0
shrinkage=0.045


Tree=13
num_leaves=23
num_cat=2
split_feature=0 0 13 2 13 13 13 10 2 2 2 3 4 2 1 2 2 2 9 15 2 12
split_gain=6420.36 466.195 235.46 166.781 191.258 155.34 144.242 114.21 102.361 96.7579 91.2202 81.1031 79.6159 83.1435 60.1166 56.0952 83.7924 60.3403 55.7981 51.7589 96.1063 85.9567
threshold=0.79550263285636913 1.1773873567581179 17.015000000000004 205.50000000000003 259.76000000000005 1040.3950000000002 35.495000000000012 30.797747225085839 171.50000000000003 107.50000000000001 85.500000000000014 0 1 41.500000000000007 14.000000000000002 70.500000000000014 159.50000000000003 89.500000000000014 48.440000000000005 5.9850000000000012 14.500000000000002 9.5000000000000018
decision_type=2 2 2 2 2 2 2 2 2 2 2 1 1 2 2 2 2 2 2 8 2 2
left_child=2 6 10 4 9 7 -2 -5 -6 12 18 -4 -3 -14 -11 -8 17 -17 19 20 21 -1
right_child=1 3 11 5 8 -7 15 -9 -10 14 -12 -13 13 -15 -16 16 -18 -19 -20 -21 -22 -23
leaf_value=-0.22492052937886925 -0.12248079944695708 -0.90193129560139718 -0.1138601411317714 -1.2041195845134445 -25.04380520415047 -81.33601329889909 -0.24423785391090849 -1.1117729863962948 -28.932730097061096 -0.18275687549240383 0.31922940642635084 0.056858230878025752 -1.390589536179331 -1.0241467278659728 -1.2638111264658842 -0.37643396555594349 -0.28628808640986991 -0.45793617691071531 -0.17259532441372091 0.21315159972104761 0.1850064935224616 -0.63709213445988166
leaf_weight=1156 22036 5392 14836 4064 1740 1812 6052 14232 1036 524 308476 69144 2636 2120 10620 2540 17752 5676 4040 125196 8024 624
leaf_count=1156 22036 5392 14836 4064 1740 1812 6052 14232 1036 524 308476 69144 2636 2120 10620 2540 17752 5676 4040 125196 8024 624
internal_value=0.00106466 -0.00950436 0.00301807 -0.0129337 -0.0154615 -0.00990671 -0.00670147 -0.00866013 -0.0265724 -0.0140106 0.00342837 0.000831607 -0.0108275 -0.0150761 -0.0169067 -0.00862985 -0.00953924 -0.0132974 0.00247134 0.00262729 -0.000521313 -0.00997475
internal_weight=629728 98232 531496 44176 24068 20108 54056 18296 2776 21292 447516 83980 10148 4756 11144 32020 25968 8216 139040 135000 9804 1780
internal_count=629728 98232 531496 44176 24068 20108 54056 18296 2776 21292 447516 83980 10148 4756 11144 32020 25968 8216 139040 135000 9804 1780
cat_boundaries=0 1 2
cat_threshold=128 105
is_linear=0
shrinkage=0.045


Tree=14
num_leaves=23
num_cat=3
split_feature=0 0 0 2 0 13 4 8 2 2 2 2 3 2 0 4 13 0 13 17 0 2
split_gain=5859.24 443.489 231.441 148.501 161.64 132.348 131.17 114.938 111.807 104.409 103.18 99.5734 94.4428 79.1511 76.8108 65.6114 65.2939 61.4814 68.1426 53.9851 57.913 100.501
threshold=0.86136361956596386 0.67181223630905162 1.1773873567581179 213.50000000000003 2.1911162137985234 1040.3950000000002 0 142.59000000000003 127.50000000000001 68.500000000000014 171.50000000000003 159.50000000000003 1 89.500000000000014 0.32191133499145513 2 26.465000000000007 1.3965535759925845 332.53500000000003 5.0900000000000034 0.094758123159408583 14.500000000000002
decision_type=2 2 2 2 2 2 1 2 2 2 2 2 1 2 2 1 2 2 2 10 2 2
left_child=1 8 9 4 6 7 -4 -5 12 -2 -6 13 14 -11 -1 -7 -3 -9 -19 20 21 -14
right_child=2 16 3 5 10 15 -8 17 -10 11 -12 -13 19 -15 -16 -17 -18 18 -20 -21 -22 -23
leaf_value=0.14348443607411229 -0.16913435617328834 0.011341211236782564 -0.78347071607167884 -1.2051954872410466 -9.3939239872376223 -64.822955055072455 -1.1124565740634567 -0.8132852863439457 0.29991407712901691 -0.36595704909081039 -17.055757283990634 -0.2525597031898465 -0.42782140187316731 -0.43481761325341423 -0.15206692525137619 -84.051964220585106 -0.088353106250231336 -0.3168967141650787 -6.3489058316847444 0.0067174389352232253 0.21885974168471128 0.22873237421173551
leaf_weight=9628 8892 27588 6184 3996 2648 1160 14660 2144 278820 3220 1896 21708 1232 5928 11000 652 24396 7916 2920 14152 173340 5648
leaf_count=9628 8892 27588 6184 3996 2648 1160 14660 2144 278820 3220 1896 21708 1232 5928 11000 652 24396 7916 2920 14152 173340 5648
internal_value=0.00109874 0.00280084 -0.00997071 -0.0122125 -0.0144574 -0.0091777 -0.0127786 -0.00794192 0.00321702 -0.00747872 -0.0221496 -0.0087168 0.00244588 -0.0126551 -0.000449564 -0.0207337 -0.00115266 -0.00588584 -0.00450664 0.00275305 0.00296335 -0.00108544
internal_weight=629728 545804 83924 44176 25388 18788 20844 16976 493820 39748 4544 30856 215000 9148 20628 1812 51984 12980 10836 194372 180220 6880
internal_count=629728 545804 83924 44176 25388 18788 20844 16976 493820 39748 4544 30856 215000 9148 20628 1812 51984 12980 10836 194372 180220 6880
cat_boundaries=0 1 2 3
cat_threshold=65 128 28
is_linear=0
shrinkage=0.045


Tree=15
num_leaves=23
num_cat=5
split_feature=0 13 13 13 2 2 2 3 1 1 14 4 8 15 2 12 4 2 7 3 0 4
split_gain=5247.4 393.037 218.853 162.947 111.885 165.369 93.4683 91.9326 85.0715 90.176 70.8581 67.3976 51.0861 50.1009 87.6877 80.5205 51.297 47.8604 63.2402 47.3682 46.3903 73.4159
threshold=0.78602391481399547 39.245000000000012 15.140000000000004 518.1450000000001 215.50000000000003 89.500000000000014 85.500000000000014 0 15.000000000000002 19.750000000000004 214.11500000000004 1 120.28500000000001 5.9850000000000012 14.500000000000002 9.5000000000000018 2 139.50000000000003 13.665000000000001 3 1.2702547907829287 4
decision_type=2 2 2 2 2 2 2 1 2 2 2 1 2 8 2 2 1 2 2 1 2 1
left_child=2 -2 6 4 5 20 12 -4 -7 17 19 -5 13 14 15 -1 -17 18 -10 -6 -3 -22
right_child=1 3 7 11 10 8 -8 -9 9 -11 -12 -13 -14 -15 -16 16 -18 -19 -20 -21 21 -23
leaf_value=-0.19575152455434378 -0.13769627811115481 -0.32109663637678043 -0.10186991209184011 -30.886698673971956 -0.40417646820419312 -0.38737352816817017 0.30806539304473929 0.065786765222320118 -1.1867041892601629 -0.89147317054569963 -0.33582702213690435 -50.782343970290079 -0.083956631729197997 0.20853677263632148 0.169867078512912 -0.56842605502162624 -0.61473347708441284 -0.89713945534782358 -1.5962381327797519 -0.70773754189180016 -1.3839651165038724 -0.84874543317945261
leaf_weight=1152 32160 8408 17012 1636 4336 3592 295240 85608 2404 6869 6608 2876 6336 115336 7956 280 344 10459 1168 12928 2796 4224
leaf_count=1152 32160 8408 17012 1636 4336 3592 295240 85608 2404 6869 6608 2876 6336 115336 7956 280 344 10459 1168 12928 2796 4224
internal_value=0.0011439 -0.00828441 0.0029336 -0.0102157 -0.00963062 -0.0110882 0.00338238 0.00106775 -0.0133872 -0.0144869 -0.00719238 -0.0184805 0.00238393 0.00258364 -0.000516848 -0.00955174 -0.0225431 -0.016556 -0.0210621 -0.00870914 -0.00743739 -0.0101381
internal_weight=629728 100464 529264 68304 63792 39920 426644 102620 24492 20900 23872 4512 131404 125068 9732 1776 624 14031 3572 17264 15428 7020
internal_count=629728 100464 529264 68304 63792 39920 426644 102620 24492 20900 23872 4512 131404 125068 9732 1776 624 14031 3572 17264 15428 7020
cat_boundaries=0 1 2 3 4 5
cat_threshold=128 12 7 128 6
is_linear=0
shrinkage=0.045


Tree=16
num_leaves=23
num_cat=2
split_feature=0 0 0 12 1 2 15 2 2 0 2 2 7 0 2 9 2 8 17 4 0 3
split_gain=4773.38 338.964 242.707 118.162 123.837 108.563 100.226 86.2964 132.52 75.5319 56.0684 77.0218 69.7157 52.4944 64.6415 70.148 68.1913 71.3705 50.9757 46.7794 46.6787 46.2224
threshold=0.79550263285636913 0.99109077453613292 0.61465871334075939 3.5000000000000004 20.000000000000004 85.500000000000014 1049.3950000000002 213.50000000000003 89.500000000000014 1.663412928581238 159.50000000000003 89.500000000000014 23.015000000000004 2.3757743835449223 159.50000000000003 33.001666666666672 167.50000000000003 208.45000000000002 4.0400000000000009 0 3.0229123830795293 1
decision_type=2 2 2 2 2 2 10 2 2 2 2 2 2 2 2 2 2 2 10 1 2 1
left_child=2 -2 5 4 6 18 7 8 20 -9 11 -4 -13 14 15 -10 -16 -18 -1 -8 -3 -7
right_child=1 3 10 -5 -6 21 19 9 13 -11 -12 12 -14 -15 16 -17 17 -19 -20 -21 -22 -23
leaf_value=0.1948402203730234 -0.14640951723468143 -0.74703065465264429 0.01432374958390025 -0.48435241393038936 -0.68380634508213489 0.13244966549118406 -71.377756247348117 -0.70432703127480267 -0.61868230926148671 -1.7283558139057071 0.052848671926291987 -0.096201093164948473 -0.3592455549795156 -12.273631258474035 -0.32183747727781115 -1.3654794456911659 -0.71466507692367987 -0.50980605388230404 -0.024937683129337911 -77.3427657793614 -26.104955725742016 0.29195244177465718
leaf_weight=135736 35272 8928 21596 10468 11500 31812 1092 9768 1456 6404 33224 9032 136 1880 1488 3228 4240 1832 14068 464 212 285892
leaf_count=135736 35272 8928 21596 10468 11500 31812 1092 9768 1456 6404 33224 9032 136 1880 1488 3228 4240 1832 14068 464 212 285892
internal_value=0.00117499 -0.00793815 0.00285932 -0.0099167 -0.0107873 0.00321508 -0.0119452 -0.0115021 -0.0132578 -0.00897496 0.000260056 -0.0011242 -0.0045795 -0.0159905 -0.0149103 -0.0190679 -0.0123301 -0.0144453 0.00221639 -0.023147 -0.00903249 0.00368596
internal_weight=629728 98232 531496 62960 52492 467508 40992 39436 23264 16172 63988 30764 9168 14124 12244 4684 7560 6072 149804 1556 9140 317704
internal_count=629728 98232 531496 62960 52492 467508 40992 39436 23264 16172 63988 30764 9168 14124 12244 4684 7560 6072 149804 1556 9140 317704
cat_boundaries=0 1 2
cat_threshold=30 128
is_linear=0
shrinkage=0.045


Tree=17
num_leaves=23
num_cat=2
split_feature=13 0 0 13 2 2 2 2 7 4 3 2 14 10 0 0 14 7 2 14 0 2
split_gain=4331.76 283.185 278.324 128.912 109.173 92.0443 170.451 75.1522 102.987 84.8493 72.419 71.9784 65.6904 67.4112 64.7476 62.0505 60.5347 55.0594 53.9214 51.6541 50.577 92.8394
threshold=30.635000000000009 0.61465871334075939 0.9105547070503236 518.1450000000001 127.50000000000001 203.50000000000003 89.500000000000014 159.50000000000003 12.435 0 1 167.50000000000003 76.115000000000023 27.1244262630542 0.29883244633674627 0.75815320014953624 727.3850000000001 19.745000000000001 239.50000000000003 1232.6000000000001 0.094758123159408583 14.500000000000002
decision_type=2 2 2 2 2 2 2 2 2 1 1 2 2 2 2 2 2 2 2 2 2 2
left_child=1 4 -2 5 10 6 -4 8 -8 -10 14 -9 13 17 -1 -3 -7 -13 19 -5 21 -12
right_child=2 15 3 18 -6 16 7 11 9 -11 20 12 -14 -15 -16 -17 -18 -19 -20 -21 -22 -23
leaf_value=0.14567878499091674 -0.10957514171852831 0.031782804966794344 -0.52420663720878968 -52.291448875425573 0.29136714280795201 -0.51711520646143438 -0.83700237721525172 -0.20410015738180659 -0.7965624739309678 -1.3639109777809688 -0.41037313133554015 -0.39773046188363598 -0.50675537105110668 -1.1519733811814126 -0.1259924989242085 -0.070381800046148441 -0.026967836583283424 0.075198286294620276 -12.142522637901214 -9.8636795019148487 0.18725909205670624 0.20089929885812813
leaf_weight=8856 22016 49648 16356 2944 263204 25944 4512 2420 2892 2708 1232 2664 3396 2708 10088 19624 2784 672 732 836 177832 5660
leaf_count=8856 22016 49648 16356 2944 263204 25944 4512 2420 2892 2708 1232 2664 3396 2708 10088 19624 2784 672 732 836 177832 5660
internal_value=0.00120043 0.00275973 -0.00773269 -0.00909381 0.0031581 -0.0085979 -0.0100416 -0.0126309 -0.0154826 -0.01956 0.00237578 -0.0101973 -0.011972 -0.0147861 -0.000274425 7.48334e-05 -0.00667121 -0.0104937 -0.0164568 -0.0186211 0.00264744 -0.00113446
internal_weight=629728 536144 93584 71568 466872 67056 38328 21972 10112 5600 203668 11860 9440 6044 18944 69272 28728 3336 4512 3780 184724 6892
internal_count=629728 536144 93584 71568 466872 67056 38328 21972 10112 5600 203668 11860 9440 6044 18944 69272 28728 3336 4512 3780 184724 6892
cat_boundaries=0 1 2
cat_threshold=113 128
is_linear=0
shrinkage=0.045


Tree=18
num_leaves=23
num_cat=3
split_feature=0 13 13 13 2 2 2 3 0 4 10 8 2 15 2 12 4 2 2 10 1 12
split_gain=3934.02 375.805 181.958 99.9652 114.469 97.9325 83.7886 81.3897 78.2023 74.4237 68.2927 51.4902 45.8186 44.8611 83.8052 78.7944 53.8781 44.6941 73.019 65.5037 43.8771 41.3544
threshold=0.76612398028373729 51.975000000000016 14.965000000000003 1040.3950000000002 203.50000000000003 85.500000000000014 107.50000000000001 0 0.89691463112831127 1 30.797747225085839 120.28500000000001 109.50000000000001 5.9850000000000012 14.500000000000002 10.500000000000002 2 68.500000000000014 159.50000000000003 287.75352290107298 19.250000000000004 14.500000000000002
decision_type=2 2 2 2 2 2 2 1 2 1 2 2 2 8 2 2 1 2 2 2 2 2
left_child=2 8 5 4 6 11 20 -4 -2 -5 -6 13 -8 14 15 -1 -17 19 -19 -10 -3 -16
right_child=1 3 7 9 10 -7 12 -9 17 -11 -12 -13 -14 -15 21 16 -18 18 -20 -21 -22 -23
leaf_value=-0.20612101278998629 -0.077782888896967148 -1.0109314925839923 -0.092366536345469846 -52.836303351202268 -0.79730345450924867 0.27285562653143552 -2.0505906614812091 0.063697674504512289 -0.11956793169312226 -58.56082153635721 -0.72775404935316146 -0.09288628523936289 -1.0616910372613049 0.18378246037997478 0.23843621844294138 -0.56820435792607682 -0.5800368017589359 -0.32363615265670281 -0.17772032289357648 -1.2521508048401135 -0.40930549182375292 -0.74792040106991964
leaf_weight=1176 28252 7343 16424 1244 5604 293660 224 83964 7200 1052 15340 6236 14220 114496 6476 276 320 5256 15224 344 3925 1472
leaf_count=1176 28252 7343 16424 1244 5604 293660 224 83964 7200 1052 15340 6236 14220 114496 6476 276 320 5256 15224 344 3925 1472
internal_value=0.00122287 -0.0067178 0.00281599 -0.00960118 -0.0091493 0.00322377 -0.0111613 0.0010932 -0.00420942 -0.0187676 -0.00667846 0.00219774 -0.0134308 0.00239806 -0.000536926 -0.0093805 -0.0226806 -0.00589371 -0.00698443 -0.00293162 -0.00825013 0.0014366
internal_weight=629728 105228 524500 48952 46656 424112 25712 100388 56276 2296 20944 130452 14444 124216 9720 1772 596 28024 20480 7544 11268 7948
internal_count=629728 105228 524500 48952 46656 424112 25712 100388 56276 2296 20944 130452 14444 124216 9720 1772 596 28024 20480 7544 11268 7948
cat_boundaries=0 1 2 3
cat_threshold=128 28 7
is_linear=0
shrinkage=0.045


Tree=19
num_leaves=23
num_cat=3
split_feature=0 0 13 13 2 2 8 0 4 4 3 2 2 2 9 1 8 2 7 2 2 2
split_gain=3613.06 352.551 177.051 96.8845 110.193 96.3573 94.3597 78.8275 78.1466 75.1451 73.807 58.1143 64.2087 53.7068 52.4141 51.4068 48.1093 44.5133 71.4851 61.763 44.0921 43.8668
threshold=0.76612398028373729 1.1773873567581179 14.965000000000003 1040.3950000000002 203.50000000000003 85.500000000000014 142.59000000000003 0.89691463112831127 0 1 2 68.500000000000014 159.50000000000003 107.50000000000001 282.31083333333339 13.000000000000002 154.35000000000005 159.50000000000003 12.965000000000002 171.50000000000003 127.50000000000001 36.500000000000007
decision_type=2 2 2 2 2 2 2 2 1 1 1 2 2 2 2 2 2 2 2 2 2 2
left_child=2 7 5 4 8 16 -6 -2 14 -5 -4 -9 -13 21 -3 -16 -1 18 20 -19 -15 -10
right_child=1 3 10 9 6 -7 -8 11 13 -11 -12 12 -14 17 15 -17 -18 19 -20 -21 -22 -23
leaf_value=0.16254864692791282 -0.074373489330670922 -0.76003341077361442 -0.088210042209923734 -50.458669700398168 -0.98027045826790182 0.26057712333752087 -0.71420756005520758 -0.12151670412496322 -1.0572375363516278 -55.925584567221136 0.060831279151809241 -0.31378436795722608 -0.19058832265829342 -1.7003147061854118 -0.12588985880380388 -18.166047757966876 -0.14795928125967017 -0.43002327470270718 -1.5533058624212486 -0.93943248184266814 -1.7642254558792154 -0.83437419867592622
leaf_weight=127844 28336 6820 16424 1244 4444 293660 14300 7192 3108 1052 83964 7312 18212 780 128 252 2608 1216 2116 3756 816 4144
leaf_count=127844 28336 6820 16424 1244 4444 293660 14300 7192 3108 1052 83964 7312 18212 780 128 252 2608 1216 2116 3756 816 4144
internal_value=0.00123716 -0.0063727 0.00276391 -0.00943474 -0.00894048 0.00316615 -0.0063748 -0.00415683 -0.0110184 -0.0184347 0.00106451 -0.00566165 -0.00666838 -0.0127805 -0.00708819 -0.0233246 0.00214841 -0.0151775 -0.0189111 -0.0123836 -0.0116977 -0.00992432
internal_weight=629728 105228 524500 44176 41880 424112 18744 61052 23136 2296 100388 32716 25524 15936 7200 380 130452 8684 3712 4972 1596 7252
internal_count=629728 105228 524500 44176 41880 424112 18744 61052 23136 2296 100388 32716 25524 15936 7200 380 130452 8684 3712 4972 1596 7252
cat_boundaries=0 1 2 3
cat_threshold=65 28 128
is_linear=0
shrinkage=0.045


Tree=20
num_leaves=23
num_cat=4
split_feature=13 0 13 2 13 2 8 4 17 1 4 2 8 2 7 10 0 3 0 2 1 4
split_gain=3315.68 259.501 221.783 113.243 92.4391 93.4406 76.2892 70.9841 68.3408 62.5676 61.6829 55.7158 104.063 61.2429 55.4007 50.8067 50.3227 47.084 50.3173 83.4363 66.6171 56.1017
threshold=30.635000000000009 0.61465871334075939 56.14500000000001 127.50000000000001 1040.3950000000002 203.50000000000003 142.59000000000003 0 3.284999999999997 15.000000000000002 1 159.50000000000003 306.7050000000001 59.500000000000007 12.125000000000002 13.318136630936428 0.89691463112831127 2 0.094758123159408583 14.500000000000002 10.750000000000002 3
decision_type=2 2 2 2 2 2 2 1 10 2 1 2 2 2 2 2 2 1 2 2 2 1
left_child=1 3 16 8 5 10 -7 -6 17 -10 -4 12 13 -3 -12 -11 -2 -1 19 20 21 -19
right_child=2 11 4 -5 7 6 -8 -9 9 15 14 -13 -14 -15 -16 -17 -18 18 -20 -21 -22 -23
leaf_value=0.013744513485787979 -0.094512262848742756 0.055001386327793583 -0.83428444810020497 0.2583011545039462 -48.188029563880249 -0.85797454097435821 -0.68745479490724437 -53.408933261696184 0.093031417594101384 -0.033084988648753227 -0.81725859911414678 0.039246669705540749 -0.40257338195709924 -0.071899604511027587 -1.0926898085815167 -0.2649170012102614 -0.21623047985884358 -0.25063371778665811 0.18833347218242857 0.18075296550509251 -0.26305661277807424 -0.51238052184935656
leaf_weight=16276 20152 15616 6956 263204 1244 5016 14148 1052 13816 8028 4252 36564 1484 15608 11756 3120 29008 184 155592 5620 696 336
leaf_count=16276 20152 15616 6956 263204 1244 5016 14148 1052 13816 8028 4252 36564 1484 15608 11756 3120 29008 184 155592 5620 696 336
internal_value=0.00124116 0.00260538 -0.00657435 0.00298672 -0.00887885 -0.00839886 -0.00607779 -0.017671 0.00218997 -1.55009e-05 -0.0103351 3.52082e-05 -0.00131409 -0.000760328 -0.011877 -0.00252323 -0.00449158 0.00249806 0.0027292 -0.00104899 -0.0117266 -0.0238793
internal_weight=629728 536144 93584 466872 44424 42128 19164 2296 203668 24964 22964 69272 32708 31224 16008 11148 49160 178704 162428 6836 1216 520
internal_count=629728 536144 93584 466872 44424 42128 19164 2296 203668 24964 22964 69272 32708 31224 16008 11148 49160 178704 162428 6836 1216 520
cat_boundaries=0 1 2 3 4
cat_threshold=28 65 128 3
is_linear=0
shrinkage=0.045


Tree=21
num_leaves=23
num_cat=3
split_feature=0 0 13 2 14 3 13 0 2 9 2 2 14 4 8 0 2 15 12 4 2 17
split_gain=3029.84 290.757 161.885 100.152 92.732 85.3779 79.905 70.4678 62.0707 58.6204 54.4497 56.3735 51.3051 50.881 49.3358 44.7648 44.2387 80.1105 74.9615 48.8249 41.8201 39.1677
threshold=0.75815320014953624 1.2033303976058962 13.015000000000002 85.500000000000014 46.165000000000013 0 518.1450000000001 0.89691463112831127 177.50000000000003 89.106666666666669 68.500000000000014 159.50000000000003 1232.6000000000001 1 154.35000000000005 1.3965535759925845 14.500000000000002 5.9850000000000012 10.500000000000002 2 159.50000000000003 12.260000000000002
decision_type=2 2 2 2 2 1 2 2 2 2 2 2 2 1 2 2 2 8 2 1 2 10
left_child=2 7 3 14 9 20 8 -2 -6 13 -9 -12 -8 -3 16 -10 17 18 -1 -20 -4 -7
right_child=1 4 5 -5 6 21 12 10 15 -11 11 -13 -14 -15 -16 -17 -18 -19 19 -21 -22 -23
leaf_value=-0.1918030048726059 -0.066536548429141501 -0.73038823356804339 -0.17037081560250919 0.25500844790977473 -0.86728207354132492 0.078079457567811955 -39.780182881496408 -0.10400238682025587 -0.60048773536464861 -32.855369867750369 -0.29520418742305032 -0.17838028398338021 -4.7755808308502132 -0.98427510025283416 -0.16630460801799701 -0.31334536019130793 0.17097255430291053 0.088667566457142688 -0.56256254714585541 -0.54395336357651025 0.02397976134488846 -0.069462540463876357
leaf_weight=1168 30684 4692 9276 275320 7752 100940 1960 7628 2400 1912 7908 19456 1024 12572 2360 9588 99012 17872 272 320 9936 5676
leaf_count=1168 30684 4692 9276 275320 7752 100940 1960 7628 2400 1912 7908 19456 1024 12572 2360 9588 99012 17872 272 320 9936 5676
internal_value=0.00125502 -0.00562172 0.00267182 0.00311827 -0.00855067 0.00126556 -0.00660486 -0.0037529 -0.00556631 -0.0108556 -0.00513319 -0.00607038 -0.0134668 -0.0100253 0.00203918 -0.0035362 0.00216736 0.000215901 -0.00893871 -0.0219545 -0.00149532 0.00176306
internal_weight=629728 107576 522152 396324 41900 125828 22724 65676 19740 19176 34992 27364 2984 17264 121004 11988 118644 19632 1760 592 19212 106616
internal_count=629728 107576 522152 396324 41900 125828 22724 65676 19740 19176 34992 27364 2984 17264 121004 11988 118644 19632 1760 592 19212 106616
cat_boundaries=0 1 2 3
cat_threshold=128 65 7
is_linear=0
shrinkage=0.045


Tree=22
num_leaves=23
num_cat=3
split_feature=0 0 13 2 14 3 13 14 8 13 7 3 18 16 15 5 2 2 2 9 12 2
split_gain=2713.23 235.065 156.062 95.3384 79.1931 66.8965 60.5235 52.1193 45.0634 42.7973 42.5958 41.3806 38.5577 40.7111 38.6681 61.0382 37.6509 60.2411 48.1653 37.5569 91.3196 44.5286
threshold=0.75815320014953624 1.0731353759765627 13.915000000000004 85.500000000000014 19.045000000000009 0 1040.3950000000002 727.3850000000001 120.28500000000001 31.245000000000008 22.665000000000003 1 -13.984999999999999 36.005000000000003 18.405000000000005 2 183.50000000000003 107.50000000000001 109.50000000000001 9.529791666666668 13.500000000000002 6.5000000000000009
decision_type=2 2 2 2 2 1 2 2 2 2 2 1 8 10 8 1 2 2 2 2 2 2
left_child=2 9 3 8 -3 -4 16 -8 19 -2 -9 -5 -7 -14 15 -15 17 -6 -19 20 -1 -22
right_child=1 4 5 11 6 12 7 10 -10 -11 -12 -13 13 14 -16 -17 -18 18 -20 -21 21 -23
leaf_value=0.052036453270040632 -0.048900207742928456 -0.95168608684094191 -0.073081517440858959 0.097774537597277819 -0.50811530742532318 -0.10315876899101337 -64.500272379090234 3.7727424117997845 -0.088707446704683793 -0.13427919304071481 -41.43098625612096 0.25058959337746334 0.09976760283134449 -0.3305400495570715 0.021850261993868646 -0.053197490733451119 -0.42795842253634181 -1.7472192046384019 -0.79481793451706395 0.15529662428341004 -0.40530798771274168 -0.77615135295758053
leaf_weight=2732 20312 19740 17700 26404 7912 1928 776 428 5988 33788 364 258136 66932 505 23540 1515 17632 160 6464 116236 164 372
leaf_count=2732 20312 19740 17700 26404 7912 1928 776 428 5988 33788 364 258136 66932 505 23540 1515 17632 160 6464 116236 164 372
internal_value=0.00127525 -0.00523228 0.00261597 0.00302278 -0.00734803 0.00112819 -0.00602267 -0.0146522 0.00198949 -0.00314073 -0.0065063 0.00347848 0.00160401 0.00173551 0.00020773 -0.00576409 -0.00560115 -0.00729695 -0.0104629 0.00218038 -0.00257615 -0.0195223
internal_weight=629728 107576 522152 410032 53476 112120 33736 1568 125492 54100 792 284540 94420 92492 25560 2020 32168 14536 6624 119504 3268 536
internal_count=629728 107576 522152 410032 53476 112120 33736 1568 125492 54100 792 284540 94420 92492 25560 2020 32168 14536 6624 119504 3268 536
cat_boundaries=0 1 2 3
cat_threshold=128 128 1
is_linear=0
shrinkage=0.045


end of trees

feature_importances:
day_of_year=152
dam_asinh=100
dam_above_day_min=64
weekday=33
zone_code=31
dam_day_max=26
local_hour=20
dam_day_std=16
dam_day_mean=13
dam_hours_to_day_peak=13
dam_day_min=11
dam_prev_hour=11
dam_below_day_max=9
dam_ramp_from_prev=4
quarter=1
dam_next_hour=1
dam_ramp_to_next=1

parameters:
[boosting: gbdt]
[objective: quantile]
[metric: quantile]
[tree_learner: serial]
[device_type: cpu]
[data_sample_strategy: bagging]
[data: ]
[valid: ]
[num_iterations: 23]
[learning_rate: 0.045]
[num_leaves: 23]
[num_threads: 4]
[seed: 43]
[deterministic: 0]
[force_col_wise: 0]
[force_row_wise: 0]
[histogram_pool_size: -1]
[max_depth: -1]
[min_data_in_leaf: 100]
[min_sum_hessian_in_leaf: 0.001]
[bagging_fraction: 1]
[pos_bagging_fraction: 1]
[neg_bagging_fraction: 1]
[bagging_freq: 0]
[bagging_seed: 11149]
[bagging_by_query: 0]
[feature_fraction: 1]
[feature_fraction_bynode: 1]
[feature_fraction_seed: 21351]
[extra_trees: 0]
[extra_seed: 16806]
[early_stopping_round: 0]
[early_stopping_min_delta: 0]
[first_metric_only: 0]
[max_delta_step: 0]
[lambda_l1: 0]
[lambda_l2: 2]
[linear_lambda: 0]
[min_gain_to_split: 0]
[drop_rate: 0.1]
[max_drop: 50]
[skip_drop: 0.5]
[xgboost_dart_mode: 0]
[uniform_drop: 0]
[drop_seed: 2965]
[top_rate: 0.2]
[other_rate: 0.1]
[min_data_per_group: 100]
[max_cat_threshold: 32]
[cat_l2: 10]
[cat_smooth: 10]
[max_cat_to_onehot: 4]
[top_k: 20]
[monotone_constraints: ]
[monotone_constraints_method: basic]
[monotone_penalty: 0]
[feature_contri: ]
[forcedsplits_filename: ]
[refit_decay_rate: 0.9]
[cegb_tradeoff: 1]
[cegb_penalty_split: 0]
[cegb_penalty_feature_lazy: ]
[cegb_penalty_feature_coupled: ]
[path_smooth: 0]
[interaction_constraints: ]
[verbosity: -1]
[saved_feature_importance_type: 0]
[use_quantized_grad: 0]
[num_grad_quant_bins: 4]
[quant_train_renew_leaf: 0]
[stochastic_rounding: 1]
[linear_tree: 0]
[max_bin: 255]
[max_bin_by_feature: ]
[min_data_in_bin: 3]
[bin_construct_sample_cnt: 200000]
[data_random_seed: 179]
[is_enable_sparse: 1]
[enable_bundle: 1]
[use_missing: 1]
[zero_as_missing: 0]
[feature_pre_filter: 1]
[pre_partition: 0]
[two_round: 0]
[header: 0]
[label_column: ]
[weight_column: ]
[group_column: ]
[ignore_column: ]
[categorical_feature: 3,4,5,6]
[forcedbins_filename: ]
[precise_float_parser: 0]
[parser_config_file: ]
[objective_seed: 26397]
[num_class: 1]
[is_unbalance: 0]
[scale_pos_weight: 1]
[sigmoid: 1]
[boost_from_average: 1]
[reg_sqrt: 0]
[alpha: 0.1]
[fair_c: 1]
[poisson_max_delta_step: 0.7]
[tweedie_variance_power: 1.5]
[lambdarank_truncation_level: 30]
[lambdarank_norm: 1]
[label_gain: ]
[lambdarank_position_bias_regularization: 0]
[eval_at: ]
[multi_error_top_k: 1]
[auc_mu_weights: ]
[num_machines: 1]
[local_listen_port: 12400]
[time_out: 120]
[machine_list_filename: ]
[machines: ]
[gpu_platform_id: -1]
[gpu_device_id: -1]
[gpu_device_id_list: ]
[gpu_use_dp: 0]
[num_gpu: 1]

end of parameters

pandas_categorical:[[0, 1, 2, 3, 4, 5, 6, 7], [0, 1, 2, 3, 4, 5, 6], [1, 2, 3, 4], [0, 1]]
