tree
version=v4
num_class=1
num_tree_per_iteration=1
label_index=0
max_feature_idx=18
objective=quantile
feature_names=dam_asinh local_hour day_of_year zone_code weekday quarter repeated dam_day_min dam_day_max dam_day_mean dam_day_std dam_day_negative_share dam_hours_to_day_peak dam_above_day_min dam_below_day_max dam_prev_hour dam_next_hour dam_ramp_from_prev dam_ramp_to_next
feature_infos=[-0.19398117065429688:5.1358332633972168] [0.125:23.875] [1:366] -1:1:0:5:3:2:7:6:4 -1:6:2:5:4:1:0:3 -1:3:1:2:0 none [-9.7599999999999998:94.909999999999997] [12.82:4250] [-1.9099999999999999:1093.1704166666666] [2.6783649655879409:1619.2755288154824] [0:0.75] [-23:23] [0:4227.1400000000003] [0:4227.1400000000003] [-9.7599999999999998:4250] [-9.7599999999999998:4250] [-3102.77:1508.9300000000001] [-3102.77:1508.1699999999998]
tree_sizes=2149 2264 2223

Tree=0
num_leaves=23
num_cat=5
split_feature=0 13 3 17 5 3 2 0 2 16 1 2 8 8 4 7 4 0 18 10 2 2
split_gain=1937.55 250.47 196.485 71.9458 179.718 65.7959 63.662 58.2345 56.894 51.9756 45.2515 43.7327 40.2189 58.4108 62.8713 79.4474 48.0283 41.7914 40.3556 38.0297 36.9003 50.7942
threshold=0.53640416264534008 7.1600000000000037 0 7.6700000000000008 1 2 165.50000000000003 0.43303845822811132 171.50000000000003 23.885000000000002 16.750000000000004 185.50000000000003 151.15000000000003 117.76500000000001 3 4.2650000000000006 4 3.0229123830795293 -6.6399999999999979 11.469869972858122 82.500000000000014 314.50000000000006
decision_type=2 2 1 10 1 1 2 2 2 10 2 2 2 2 1 2 1 2 10 2 2 2
left_child=1 9 20 8 10 -3 7 -7 12 19 -5 -10 13 14 15 18 -15 -14 -4 -1 -2 -22
right_child=2 5 3 4 -6 6 -8 -9 11 -11 -12 -13 17 16 -16 -17 -18 -19 -20 -21 21 -23
leaf_value=10.274399609565736 11.984084215307139 10.866598902519414 10.529324482160821 11.771549101144227 10.984949564933777 10.370249614715576 10.264049608707428 10.70729888960536 10.008899599909782 10.359674249551912 14.280299067993473 10.760399575233459 10.410299587249757 10.699739318535046 11.241449599266053 10.365434469884262 12.994783877008864 157.11817150158777 12.120119241159566 10.18034960269928 11.362724390745683 11.949298540650037
leaf_weight=126588 11760 16316 336 13771 28572 44672 54032 33316 5852 31476 14801 50696 8516 1144 33368 11228 2724 236 528 112264 22156 5376
leaf_count=126588 11760 16316 336 13771 28572 44672 54032 33316 5852 31476 14801 50696 8516 1144 33368 11228 2724 236 528 112264 22156 5376
internal_value=10.44 10.4382 10.4435 10.4429 10.4442 10.4397 10.4394 10.4402 10.4422 10.4374 10.4467 10.4412 10.4432 10.4437 10.4432 10.4405 10.449 10.4404 10.4536 10.4372 10.4464 10.4455
internal_weight=629728 418664 211064 171772 57144 148336 132020 77988 114628 270328 28572 56548 58080 49328 45460 12092 3868 8752 864 238852 39292 27532
internal_count=629728 418664 211064 171772 57144 148336 132020 77988 114628 270328 28572 56548 58080 49328 45460 12092 3868 8752 864 238852 39292 27532
cat_boundaries=0 1 2 3 4 5
cat_threshold=128 12 128 80 24
is_linear=0
shrinkage=1


Tree=1
num_leaves=23
num_cat=3
split_feature=0 13 3 3 2 0 0 16 2 7 4 0 8 12 7 16 2 10 8 9 2 2
split_gain=1715.41 242.449 169.147 60.2109 60.9615 60.1167 55.3293 51.0208 45.7576 44.5724 53.8266 56.2954 47.6482 43.8505 42.8719 41.9269 40.4072 39.715 39.4957 46.0186 37.8348 37.0813
threshold=0.5395394265651704 7.1600000000000037 0 1 165.50000000000003 0.68424353003501903 0.42645573616027838 23.885000000000002 61.500000000000007 8.3050000000000015 2 2.6121541261672978 166.60000000000002 -6.4999999999999991 18.995000000000001 30.325000000000003 360.50000000000006 11.469869972858122 131.25500000000002 42.742083333333333 59.500000000000007 213.50000000000003
decision_type=2 2 1 1 2 2 2 10 2 2 1 2 2 2 2 10 2 2 2 2 2 2
left_child=1 7 -2 -3 6 8 -5 17 15 13 14 12 16 -7 -11 -4 -12 -1 -15 -20 -17 -14
right_child=2 3 5 4 -6 9 -8 -9 -10 10 11 -13 21 18 -16 20 -18 -19 19 -21 -22 -23
leaf_value=-0.15814797213077547 1.1656019571341558 0.40830307341921912 0.22493475773334498 -0.069311236095428441 -0.1680322229504585 4.4794597810695409 0.24132153623484864 -0.077385325780312098 0.15699887131549772 1.1443683186367584 0.60701778968492304 69.772845800498771 -0.47914543788663794 1.1110295430244608 3.1359712968829152 0.84238418491633937 2.3637506171298974 -0.24796572868824007 15.767973878406965 5.0459891247170576 1.7311297903167657 0.73694560088076766
leaf_weight=126608 38936 16596 8744 42964 54992 200 35836 31876 51128 19444 42524 3996 9388 5584 10528 6580 288 112304 872 656 332 9352
leaf_count=126608 38936 16596 8744 42964 54992 200 35836 31876 51128 19444 42524 3996 9388 5584 10528 6580 288 112304 872 656 332 9352
internal_value=-7.45902e-05 -0.00172729 0.00326307 -0.000278517 -0.000595678 0.00264846 0.00020672 -0.00253189 0.00159729 0.00333135 0.00307201 0.00234829 0.00201248 0.00671739 0.00465218 0.00372576 0.0028408 -0.00275752 0.0061282 0.0125353 0.00634452 0.00012005
internal_weight=629728 421176 208552 150388 133792 169616 78800 270788 66784 102832 95520 65548 61552 7312 29972 15656 42812 238912 7112 1528 6912 18740
internal_count=629728 421176 208552 150388 133792 169616 78800 270788 66784 102832 95520 65548 61552 7312 29972 15656 42812 238912 7112 1528 6912 18740
cat_boundaries=0 1 2 3
cat_threshold=128 128 5
is_linear=0
shrinkage=0.045


Tree=2
num_leaves=23
num_cat=5
split_feature=0 0 13 3 2 3 10 2 7 4 0 2 12 8 7 2 15 4 7 4 9 2
split_gain=1534.82 205.825 158.011 121.908 69.9938 57.7842 46.6418 41.1015 38.2808 47.0254 47.5736 46.5891 45.4719 37.7546 35.3036 35.3014 34.2664 35.5051 32.3006 42.8064 50.3072 58.3739
threshold=0.48559021949768072 0.64864769577980053 6.4300000000000033 0 165.50000000000003 1 11.469869972858122 161.50000000000003 8.3050000000000015 2 2.6121541261672978 360.50000000000006 -7.4999999999999991 166.60000000000002 18.995000000000001 211.50000000000003 67.795000000000016 3 22.665000000000003 4 130.82979166666669 229.50000000000003
decision_type=2 2 2 1 2 1 2 2 2 1 2 2 2 2 2 2 8 1 2 1 2 2
left_child=2 4 6 -3 -2 -4 -1 -7 12 14 11 13 -5 -11 -10 -15 -14 -18 19 20 -12 -22
right_child=1 3 5 8 -6 7 -8 -9 9 10 18 -13 16 15 -16 -17 17 -19 -20 -21 21 -23
leaf_value=-0.14743131681811811 0.34119753553721488 1.3821171226743838 0.3588794110827615 3.9932131065272505 -0.0052270979153590663 -0.030431342567324667 -0.23725728119695191 -0.1784707772092223 0.98373159533424004 0.52955491334034777 6.2607886936147539 2.1514895634634774 1.0338175867116064 -0.4859170388490337 2.6635108052365637 0.65679989776437298 20.468325980622318 4.4440728582723041 8.63830027160183 5.2838721345260291 110.13905483342359 61.375967108370894
leaf_weight=126236 56048 30888 13856 240 56112 69396 116964 45452 21524 49164 512 356 6664 9488 11372 10292 540 1140 1252 856 848 528
leaf_count=126236 56048 30888 13856 240 56112 69396 116964 45452 21524 49164 512 356 6664 9488 11372 10292 540 1140 1252 856 848 528
internal_value=-0.000130328 0.00253786 -0.00198007 0.00365354 0.00108887 -0.000705003 -0.00265483 -0.00103618 0.00297721 0.00274371 0.0021082 0.00183306 0.00586792 0.00174893 0.00415759 8.87159e-05 0.00530877 0.0110493 0.00688169 0.00961289 0.0133626 0.0179086
internal_weight=629728 257824 371904 145664 112160 128704 243200 114848 114776 106192 73296 69300 8584 68944 32896 19780 8344 1680 3996 2744 1888 1376
internal_count=629728 257824 371904 145664 112160 128704 243200 114848 114776 106192 73296 69300 8584 68944 32896 19780 8344 1680 3996 2744 1888 1376
cat_boundaries=0 1 2 3 4 5
cat_threshold=128 128 5 66 26
is_linear=0
shrinkage=0.045


end of trees

feature_importances:
day_of_year=15
dam_asinh=10
zone_code=6
weekday=6
dam_day_min=6
dam_day_max=5
dam_day_std=3
dam_above_day_min=3
dam_next_hour=3
dam_day_mean=2
dam_hours_to_day_peak=2
local_hour=1
quarter=1
dam_prev_hour=1
dam_ramp_from_prev=1
dam_ramp_to_next=1

parameters:
[boosting: gbdt]
[objective: quantile]
[metric: quantile]
[tree_learner: serial]
[device_type: cpu]
[data_sample_strategy: bagging]
[data: ]
[valid: ]
[num_iterations: 3]
[learning_rate: 0.045]
[num_leaves: 23]
[num_threads: 4]
[seed: 43]
[deterministic: 0]
[force_col_wise: 0]
[force_row_wise: 0]
[histogram_pool_size: -1]
[max_depth: -1]
[min_data_in_leaf: 100]
[min_sum_hessian_in_leaf: 0.001]
[bagging_fraction: 1]
[pos_bagging_fraction: 1]
[neg_bagging_fraction: 1]
[bagging_freq: 0]
[bagging_seed: 11149]
[bagging_by_query: 0]
[feature_fraction: 1]
[feature_fraction_bynode: 1]
[feature_fraction_seed: 21351]
[extra_trees: 0]
[extra_seed: 16806]
[early_stopping_round: 0]
[early_stopping_min_delta: 0]
[first_metric_only: 0]
[max_delta_step: 0]
[lambda_l1: 0]
[lambda_l2: 2]
[linear_lambda: 0]
[min_gain_to_split: 0]
[drop_rate: 0.1]
[max_drop: 50]
[skip_drop: 0.5]
[xgboost_dart_mode: 0]
[uniform_drop: 0]
[drop_seed: 2965]
[top_rate: 0.2]
[other_rate: 0.1]
[min_data_per_group: 100]
[max_cat_threshold: 32]
[cat_l2: 10]
[cat_smooth: 10]
[max_cat_to_onehot: 4]
[top_k: 20]
[monotone_constraints: ]
[monotone_constraints_method: basic]
[monotone_penalty: 0]
[feature_contri: ]
[forcedsplits_filename: ]
[refit_decay_rate: 0.9]
[cegb_tradeoff: 1]
[cegb_penalty_split: 0]
[cegb_penalty_feature_lazy: ]
[cegb_penalty_feature_coupled: ]
[path_smooth: 0]
[interaction_constraints: ]
[verbosity: -1]
[saved_feature_importance_type: 0]
[use_quantized_grad: 0]
[num_grad_quant_bins: 4]
[quant_train_renew_leaf: 0]
[stochastic_rounding: 1]
[linear_tree: 0]
[max_bin: 255]
[max_bin_by_feature: ]
[min_data_in_bin: 3]
[bin_construct_sample_cnt: 200000]
[data_random_seed: 179]
[is_enable_sparse: 1]
[enable_bundle: 1]
[use_missing: 1]
[zero_as_missing: 0]
[feature_pre_filter: 1]
[pre_partition: 0]
[two_round: 0]
[header: 0]
[label_column: ]
[weight_column: ]
[group_column: ]
[ignore_column: ]
[categorical_feature: 3,4,5,6]
[forcedbins_filename: ]
[precise_float_parser: 0]
[parser_config_file: ]
[objective_seed: 26397]
[num_class: 1]
[is_unbalance: 0]
[scale_pos_weight: 1]
[sigmoid: 1]
[boost_from_average: 1]
[reg_sqrt: 0]
[alpha: 0.9]
[fair_c: 1]
[poisson_max_delta_step: 0.7]
[tweedie_variance_power: 1.5]
[lambdarank_truncation_level: 30]
[lambdarank_norm: 1]
[label_gain: ]
[lambdarank_position_bias_regularization: 0]
[eval_at: ]
[multi_error_top_k: 1]
[auc_mu_weights: ]
[num_machines: 1]
[local_listen_port: 12400]
[time_out: 120]
[machine_list_filename: ]
[machines: ]
[gpu_platform_id: -1]
[gpu_device_id: -1]
[gpu_device_id_list: ]
[gpu_use_dp: 0]
[num_gpu: 1]

end of parameters

pandas_categorical:[[0, 1, 2, 3, 4, 5, 6, 7], [0, 1, 2, 3, 4, 5, 6], [1, 2, 3, 4], [0, 1]]
